***********
* 1/24/14 *
***********

year(1)

ans =

        2007

takelogs =

     0


lagdecision =

     1


twapdecision =

     0


starthour =

    10


startminute =

     0


endhour =

    12


endminute =

     0

reg1 = 

Linear regression model:
    EndHourPrices ~ [Linear formula with 14 terms in 8 predictors]

Estimated Coefficients:
                            Estimate       SE            tStat      pValue    
    (Intercept)                  2.1813       0.52854     4.1271    6.3467e-05
    Australia                0.00021997    0.00010452     2.1046      0.037152
    BuenosAires              -0.0013516      0.000226    -5.9804    1.8325e-08
    DowJones                  -0.049204      0.012437    -3.9563    0.00012163
    HangSeng                -1.4708e-05    6.2941e-06    -2.3369      0.020896
    Jakarta                  0.00069656    8.0757e-05     8.6254    1.4125e-14
    Mexico                  -1.9008e-05    4.7368e-06    -4.0129    9.8235e-05
    Nikkei225               -0.00013759    4.0746e-05    -3.3769    0.00095431
    Vienna                   0.00066619    0.00016708     3.9873    0.00010824
    Australia:Nikkei225      2.0286e-08    6.5094e-09     3.1165     0.0022303
    Australia:Vienna        -1.1371e-07    2.6134e-08     -4.351    2.6293e-05
    BuenosAires:DowJones     4.2842e-05    6.5998e-06     6.4915    1.4428e-09
    DowJones:Jakarta          -1.84e-05    2.3859e-06    -7.7119    2.2877e-12
    HangSeng:Mexico          5.8364e-10    1.9727e-10     2.9586     0.0036414


Number of observations: 151, Error degrees of freedom: 137
Root Mean Squared Error: 0.00655
R-squared: 0.986,  Adjusted R-Squared 0.985
F-statistic vs. constant model: 760, p-value = 1.04e-120

dwtest(reg1)

ans =

   4.6143e-12
   
>> kstest(reg1.Residuals.Raw)

ans =

     1

>> jbtest(reg1.Residuals.Raw)

ans =

     1

>> lillietest(reg1.Residuals.Raw)

ans =

     0
     


*************
* 2/2/2014 *
*************
 
 
reg1 = 


Linear regression model:
    L1Prices_1130_2013 ~ [Linear formula with 24 terms in 12 predictors]

Estimated Coefficients:
                               Estimate       SE            tStat      pValue    
    (Intercept)                     2.4709        2.1505      1.149       0.25291
    Bombay                     -5.7125e-06    2.1694e-06    -2.6332     0.0096001
    BuenosAires                 -0.0001356    6.5847e-05    -2.0592      0.041692
    DowJones                       0.10003      0.030693     3.2589     0.0014647
    Frankfurt                   0.00020602    3.5764e-05     5.7606    6.9018e-08
    Korea                       5.7283e-05    2.7641e-05     2.0724      0.040428
    London                      0.00023687      7.84e-05     3.0212     0.0030924
    Malaysia                    -0.0014941     0.0013841    -1.0795        0.2826
    Nikkei225                  -0.00018069    7.3621e-05    -2.4544      0.015586
    Russell2000                 -0.0043642     0.0019469    -2.2416      0.026871
    SaoPaulo                     6.162e-05    9.2394e-06     6.6693    8.9498e-10
    Swiss                       0.00075251    0.00027531     2.7333     0.0072448
    Toronto                     -0.0006618    0.00018369    -3.6029    0.00046332
    BuenosAires:Frankfurt      -4.6764e-08    8.4875e-09    -5.5097     2.168e-07
    BuenosAires:Russell2000     2.4023e-07    6.2271e-08     3.8579    0.00018767
    BuenosAires:SaoPaulo        5.5517e-09    1.0685e-09     5.1957    8.7355e-07
    DowJones:Malaysia          -5.3106e-05    1.2576e-05    -4.2226    4.7993e-05
    DowJones:SaoPaulo          -1.2724e-06    2.9711e-07    -4.2827    3.8044e-05
    DowJones:Swiss              7.6588e-06     2.257e-06     3.3933    0.00094306
    London:SaoPaulo            -5.7503e-09      1.47e-09    -3.9119    0.00015416
    Malaysia:Nikkei225          9.8508e-08    4.1422e-08     2.3782      0.019019
    Malaysia:Russell2000        2.0837e-06    1.1007e-06     1.8931      0.060813
    Malaysia:Swiss             -5.7987e-07    1.7614e-07     -3.292     0.0013154
    Malaysia:Toronto            3.6834e-07    1.0435e-07     3.5297    0.00059574


Number of observations: 141, Error degrees of freedom: 117
Root Mean Squared Error: 0.0064
R-squared: 0.957,  Adjusted R-Squared 0.948
F-statistic vs. constant model: 113, p-value = 7.52e-69

>> kstest(reg1.Residuals.Raw)

ans =

     1

>> jbtest(reg1.Residuals.Raw)

ans =

     0

>> lillietest(reg1.Residuals.Raw)

ans =

     0

>> [hLBQ,pLBQ] = lbqtest(reg1.Residuals.Raw,'Lags',[4,6,7])

hLBQ =

     0     1     1


pLBQ =

    0.4370    0.0369    0.0177

>> [hARCH,pARCH] = archtest(reg1.Residuals.Raw,'Lags',[4,6,7])

hARCH =

     0     0     0


pARCH =

    0.2170    0.3992    0.5069

>> [p,dw] = dwtest(reg1)

p =

    0.0666


dw =

    1.9780

>> R0 = corrcoef(predictors);
>> VIF = diag(inv(R0))'

VIF =

   1.0e+05 *

  Columns 1 through 11

    0.0001    0.1198    0.2336    0.1943    0.0975    0.4419    0.3514    0.1473    0.2136    0.0115    0.0001

  Columns 12 through 22

    0.0051    0.0438    0.2079    0.3860    1.2612    0.6053    0.5819    0.2151    0.6518    0.0343    0.1385

  Column 23

    0.1978


*************
* 2/16/2014 *
*************

Linear regression model:
    10to11TWAP_minus_1100_2007 ~ 1 + Bombay

Estimated Coefficients:
                   Estimate     SE            tStat     pValue   
    (Intercept)    -0.012554     0.0044424    -2.826    0.0053071
    Bombay         0.0013005    0.00046093    2.8214    0.0053795


Number of observations: 164, Error degrees of freedom: 162
Root Mean Squared Error: 0.000824
R-squared: 0.0468,  Adjusted R-Squared 0.041
F-statistic vs. constant model: 7.96, p-value = 0.00538
>> autocorr(reg1.Residuals.Raw)
>> [p, dw] = dwtest(reg1)

p =

    0.0300


dw =

    1.6731
    
    
>> kstest(reg1.Residuals.Raw)

ans =

     1

>> jbtest(reg1.Residuals.Raw)

ans =

     1

>> lillietest(reg1.Residuals.Raw)

ans =

     0


>> [hARCH,pARCH] = archtest(reg1.Residuals.Raw,'Lags',[1,6,7])

hARCH =

     0     0     0


pARCH =

    0.8688    0.9439    0.9735

>> [hLBQ,pLBQ] = lbqtest(reg1.Residuals.Raw,'Lags',[1,6,7])

hLBQ =

     0     0     0


pLBQ =

    0.0555    0.1047    0.0551
    
NO NEED FOR VIF (ONLY ONE PREDICTOR VAR!)

*************
* 2/16/2014 *
*************

!!!!!!!!!!
!!!!WARNING: SPURIOUS REGRESSION!!!!!
!!!!!!!!!!

reg1 = 


Linear regression model:
    L1Prices_1200_2007 ~ [Linear formula with 10 terms in 7 predictors]

Estimated Coefficients:
                            Estimate       SE            tStat  
    (Intercept)                  2.2128       0.44901     4.9283
    Australia                2.2324e-05    9.0039e-06     2.4793
    BuenosAires               -0.001158    0.00025427    -4.5543
    DowJones                  -0.026955      0.013105    -2.0567
    HangSeng                 4.3387e-06    8.6958e-07     4.9894
    Jakarta                   0.0008154    9.4015e-05     8.6732
    Nikkei225               -1.3587e-05     2.339e-06    -5.8088
    Vienna                  -5.7966e-05    9.4571e-06    -6.1294
    BuenosAires:DowJones     3.7191e-05    7.5192e-06     4.9462
    DowJones:Jakarta        -2.2596e-05    2.8027e-06    -8.0624


                            pValue    
    (Intercept)             2.2804e-06
    Australia                 0.014333
    BuenosAires             1.1216e-05
    DowJones                  0.041541
    HangSeng                1.7445e-06
    Jakarta                 8.7466e-15
    Nikkei225               3.9609e-08
    Vienna                   8.241e-09
    BuenosAires:DowJones    2.1084e-06
    DowJones:Jakarta        2.8083e-13


Number of observations: 152, Error degrees of freedom: 142
Root Mean Squared Error: 0.00837
R-squared: 0.977,  Adjusted R-Squared 0.976
F-statistic vs. constant model: 680, p-value = 4.76e-112


---------------------------
PREDICTIVE RESULTS: 2008
---------------------------

